# depth/µs      shift/Hz    Intensity       6110rpm = 70%
13              0           5  
13.5            0           12           
14              0           22
14.5            0           27   
15              0           45
15.5            146         70         
16              153         68
16.5            143         70       
17              143         56
17.5            0           30     
18              0           5 
18.5            0           19     
19              0           23          