# depth/µs      shift/Hz    Intensity       6110rpm = 70%
13              0           10  
13.5            0           10           
14              0           10
14.5            0           20   
15              0           26
15.5            0           25         
16              0           25
16.5            0           20       
17              0           18
17.5            0           29     
18              98          60
18.5            85          60     
19              85          60          