20.00 0.0085 0.85
21.00 0.0095 0.95
22.00 0.0003 0.03
23.00 0.0004 0.04
24.00 0.0006 0.06
25.00 0.0007 0.07
26.00 0.0010 0.10
27.00 0.0030 0.30
28.00 0.0160 1.60
29.00 0.0210 2.10
30.00 0.0280 2.80
31.00 0.0390 3.90
32.00 0.0565 5.65
33.00 0.0940 9.40
34.00 0.0220 2.20
34.10 0.0190 1.90
34.20 0.0230 2.30
34.30 0.0290 2.90
34.40 0.0380 3.80
34.50 0.0500 5.00
34.51 0.0510 5.10
34.52 0.0530 5.30
34.53 0.0540 5.40
34.54 0.0560 5.60
34.55 0.0580 5.80
34.56 0.0590 5.90
34.57 0.0610 6.10
34.58 0.0630 6.30
34.59 0.0650 6.50
34.60 0.0670 6.70
34.61 0.0690 6.90
34.62 0.0710 7.10
34.63 0.0720 7.20
34.64 0.0740 7.40
34.65 0.0760 7.60
34.66 0.0780 7.80
34.67 0.0800 8.00
34.70 0.0840 8.40
34.75 0.0870 8.70
34.77 0.0870 8.70
34.80 0.0850 8.50
34.81 0.0825 8.25
34.82 0.0820 8.20
34.83 0.0810 8.10
34.84 0.0800 8.00
34.85 0.0770 7.70
34.86 0.0750 7.50
34.87 0.0740 7.40
34.88 0.0720 7.20
34.89 0.0700 7.00
34.90 0.0680 6.80
35.00 0.0510 5.10
36.00 0.0650 6.50
37.00 0.0070 0.70
38.00 0.0052 0.52
39.00 0.0038 0.38
40.00 0.0030 0.30
