660.00 25.69
578.00 24.04
467.00 21.61
392.00 19.80
297.00 17.23
246.00 15.68
206.00 14.35
166.00 12.88
145.00 12.04
119.00 10.91
104.00 10.20
85.00  9.22
72.00  8.49
67.00  8.19
53.00  7.28
45.00  6.71
49.00  7.00
46.00  6.78
34.00  5.83
29.00  5.39
30.00  5.48
25.00  5.00
29.00  5.39
31.00  5.57
27.00  5.20
33.00  5.74
14.00  3.74
28.00  5.29
26.00  5.10
29.00  5.39
13.00  3.61
17.00  4.12
23.00  4.80
23.00  4.80
19.00  4.36
21.00  4.58
16.00  4.00
13.00  3.61
21.00  4.58
10.00  3.16
19.00  4.36
12.00  3.46
6.00   2.45
10.00  3.16