#	Temperatur 1 (°C)	Temperatur 2 (°C)	Temperatur 3 (°C)	Temperatur 4 (°C)	Temperatur 5 (°C)	Temperatur 6 (°C)	Temperatur 7 (°C)	Temperatur 8 (°C)
1	27.42	27.97	28.03	27.07	26.82	27.32	27.97	28.03
2	27.43	27.99	28.07	27.08	26.85	27.36	27.99	28.02
3	27.43	28.04	28.14	27.09	26.88	27.57	28.03	28.01
4	27.44	28.32	28.50	27.11	26.95	28.49	28.06	28.00
5	27.46	28.92	29.22	27.13	27.14	29.87	28.11	27.98
6	27.49	29.72	30.21	27.19	27.49	31.40	28.22	27.97
7	27.56	30.65	31.31	27.29	27.97	32.94	28.40	27.96
8	27.68	31.63	32.48	27.44	28.56	34.40	28.67	27.95
9	27.84	32.62	33.65	27.66	29.22	35.78	29.02	27.94
10	28.05	33.58	34.77	27.92	29.92	37.06	29.45	27.93
11	28.30	34.52	35.86	28.22	30.66	38.24	29.92	27.93
12	28.59	35.43	36.90	28.56	31.41	39.35	30.46	27.92
13	28.89	36.28	37.88	28.93	32.18	40.39	31.02	27.91
14	29.22	37.10	38.80	29.32	32.94	41.36	31.61	27.91
15	29.57	37.87	39.67	29.73	33.71	42.27	32.21	27.91
16	29.92	38.61	40.49	30.15	34.46	43.13	32.83	27.91
17	30.29	39.31	41.25	30.58	35.21	43.94	33.45	27.91
18	30.67	39.98	41.97	31.02	35.95	44.71	34.08	27.91
19	31.05	40.61	42.65	31.45	36.68	45.45	34.70	27.92
20	31.43	41.22	43.28	31.88	37.39	46.15	35.31	27.93
21	31.82	41.79	43.89	32.32	38.09	46.82	35.92	27.95
22	32.21	42.33	44.46	32.76	38.78	47.46	36.52	27.96
23	32.60	42.85	44.99	33.19	39.46	47.99	37.10	27.99
24	32.98	43.16	45.25	33.61	40.10	47.91	37.67	28.02
25	33.36	43.16	45.15	34.02	40.63	47.32	38.20	28.04
26	33.72	42.92	44.77	34.40	41.00	46.52	38.68	28.08
27	34.04	42.54	44.23	34.74	41.22	45.68	39.07	28.12
28	34.32	42.09	43.61	35.01	41.34	44.86	39.36	28.16
29	34.56	41.61	42.98	35.24	41.36	44.10	39.58	28.21
30	34.74	41.13	42.34	35.41	41.32	43.40	39.70	28.26
31	34.89	40.65	41.72	35.53	41.24	42.78	39.76	28.31
32	35.00	40.20	41.13	35.61	41.12	42.20	39.75	28.37
33	35.08	39.77	40.58	35.66	40.98	41.69	39.69	28.43
34	35.14	39.37	40.07	35.68	40.82	41.22	39.60	28.49
35	35.17	38.99	39.59	35.67	40.64	40.80	39.47	28.55
36	35.20	38.65	39.15	35.66	40.46	40.41	39.32	28.63
37	35.21	38.32	38.75	35.62	40.27	40.05	39.14	28.69
38	35.21	38.02	38.37	35.58	40.08	39.72	38.95	28.76
39	35.19	37.74	38.02	35.53	39.88	39.42	38.76	28.83
40	35.18	37.48	37.71	35.46	39.68	39.14	38.56	28.90
41	35.15	37.24	37.41	35.40	39.48	38.88	38.35	28.97
42	35.12	37.02	37.15	35.33	39.29	38.64	38.14	29.04
43	35.09	36.84	36.93	35.26	39.09	38.55	37.93	29.11
44	35.06	36.89	37.01	35.19	38.93	39.17	37.73	29.18
45	35.02	37.26	37.46	35.12	38.88	40.26	37.56	29.24
46	35.01	37.85	38.18	35.09	39.00	41.51	37.44	29.30
47	35.03	38.58	39.05	35.09	39.25	42.80	37.39	29.36
48	35.10	39.37	39.98	35.16	39.61	44.01	37.45	29.42
49	35.21	40.18	40.93	35.27	40.04	45.15	37.58	29.48
50	35.35	40.97	41.86	35.44	40.52	46.21	37.79	29.53
51	35.55	41.75	42.75	35.64	41.05	47.19	38.05	29.59
52	35.77	42.50	43.60	35.89	41.58	48.10	38.38	29.63
53	36.01	43.21	44.40	36.16	42.14	48.94	38.75	29.68
54	36.28	43.90	45.16	36.46	42.70	49.72	39.14	29.73
55	36.56	44.55	45.88	36.77	43.27	50.45	39.56	29.78
56	36.86	45.16	46.55	37.09	43.83	51.14	40.00	29.83
57	37.17	45.76	47.19	37.42	44.39	51.79	40.45	29.87
58	37.48	46.31	47.78	37.76	44.95	52.40	40.91	29.92
59	37.80	46.84	48.34	38.11	45.50	52.98	41.37	29.96
60	38.12	47.34	48.87	38.45	46.04	53.54	41.83	30.01
61	38.44	47.83	49.37	38.79	46.57	54.06	42.29	30.06
62	38.77	48.29	49.83	39.13	47.09	54.56	42.74	30.11
63	39.09	48.70	50.24	39.47	47.60	54.90	43.19	30.16
64	39.42	48.90	50.38	39.81	48.08	54.62	43.62	30.21
65	39.73	48.80	50.16	40.14	48.44	53.90	44.03	30.27
66	40.03	48.48	49.69	40.43	48.65	52.99	44.37	30.33
67	40.29	48.03	49.08	40.68	48.73	52.05	44.63	30.38
68	40.51	47.52	48.40	40.87	48.70	51.14	44.81	30.44
69	40.67	46.99	47.70	41.01	48.59	50.30	44.90	30.50
70	40.80	46.46	47.02	41.10	48.42	49.52	44.92	30.57
71	40.89	45.94	46.36	41.14	48.23	48.81	44.87	30.64
72	40.95	45.44	45.74	41.15	47.99	48.16	44.78	30.71
73	40.97	44.97	45.15	41.13	47.73	47.57	44.62	30.78
74	40.98	44.53	44.60	41.08	47.46	47.02	44.44	30.85
75	40.96	44.12	44.09	41.02	47.18	46.52	44.24	30.92
76	40.93	43.73	43.62	40.93	46.90	46.05	44.01	31.00
77	40.89	43.37	43.18	40.85	46.61	45.63	43.76	31.07
78	40.84	43.03	42.78	40.74	46.32	45.23	43.50	31.14
79	40.79	42.72	42.40	40.63	46.03	44.86	43.24	31.22
80	40.72	42.43	42.05	40.52	45.74	44.51	42.97	31.29
81	40.65	42.15	41.72	40.40	45.46	44.18	42.71	31.36
82	40.57	41.90	41.42	40.28	45.18	43.88	42.45	31.43
83	40.50	41.68	41.17	40.17	44.90	43.69	42.18	31.49
84	40.42	41.67	41.18	40.04	44.66	44.16	41.93	31.56
85	40.35	41.96	41.56	39.93	44.52	45.12	41.70	31.63
86	40.29	42.49	42.20	39.84	44.54	46.27	41.52	31.69
87	40.27	43.16	43.00	39.80	44.69	47.46	41.42	31.74
88	40.29	43.88	43.88	39.81	44.96	48.59	41.41	31.80
89	40.34	44.64	44.77	39.86	45.30	49.65	41.49	31.86
90	40.45	45.38	45.63	39.98	45.70	50.64	41.63	31.91
91	40.60	46.11	46.48	40.14	46.13	51.55	41.84	31.95
92	40.77	46.81	47.28	40.32	46.58	52.39	42.10	32.00
93	40.97	47.48	48.04	40.55	47.05	53.16	42.42	32.05
94	41.19	48.12	48.76	40.79	47.54	53.88	42.77	32.09
95	41.43	48.73	49.44	41.05	48.03	54.55	43.14	32.13
96	41.68	49.31	50.07	41.33	48.51	55.18	43.53	32.17
97	41.95	49.86	50.66	41.61	49.00	55.77	43.93	32.21
98	42.22	50.37	51.22	41.90	49.49	56.32	44.34	32.26
99	42.50	50.86	51.74	42.20	49.97	56.84	44.76	32.30
100	42.77	51.33	52.23	42.49	50.44	57.34	45.17	32.34
101	43.06	51.77	52.69	42.79	50.91	57.80	45.58	32.38
102	43.34	52.19	53.12	43.09	51.37	58.24	46.00	32.42
103	43.62	52.58	53.51	43.39	51.81	58.58	46.40	32.47
104	43.91	52.78	53.66	43.69	52.23	58.38	46.79	32.51
105	44.19	52.70	53.47	43.96	52.55	57.67	47.16	32.56
106	44.45	52.39	53.01	44.22	52.74	56.76	47.47	32.61
107	44.68	51.94	52.41	44.44	52.78	55.81	47.71	32.66
108	44.86	51.43	51.73	44.61	52.72	54.88	47.87	32.71
109	45.00	50.88	51.03	44.72	52.58	54.02	47.95	32.77
110	45.10	50.33	50.34	44.78	52.39	53.22	47.94	32.82
111	45.17	49.81	49.68	44.80	52.16	52.49	47.88	32.89
112	45.19	49.29	49.05	44.78	51.89	51.81	47.76	32.95
113	45.19	48.81	48.44	44.73	51.60	51.20	47.60	33.01
114	45.17	48.35	47.89	44.66	51.31	50.63	47.40	33.07
115	45.13	47.92	47.37	44.57	51.00	50.10	47.19	33.14
116	45.08	47.52	46.88	44.47	50.68	49.61	46.94	33.21
117	45.01	47.14	46.43	44.35	50.36	49.17	46.68	33.28
118	44.94	46.79	46.01	44.23	50.05	48.74	46.41	33.35
119	44.85	46.46	45.62	44.10	49.73	48.35	46.13	33.41
120	44.77	46.15	45.25	43.96	49.41	47.98	45.85	33.48
121	44.67	45.86	44.92	43.82	49.10	47.63	45.58	33.54
122	44.58	45.59	44.61	43.68	48.80	47.30	45.30	33.60
123	44.47	45.34	44.34	43.54	48.49	47.08	45.02	33.67
124	44.37	45.30	44.31	43.40	48.22	47.48	44.76	33.73
125	44.28	45.56	44.66	43.27	48.05	48.39	44.51	33.78
126	44.19	46.06	45.28	43.16	48.03	49.51	44.33	33.84
127	44.14	46.69	46.05	43.09	48.15	50.65	44.21	33.89
128	44.14	47.40	46.89	43.07	48.38	51.75	44.18	33.94
129	44.18	48.12	47.75	43.11	48.69	52.79	44.23	33.99
130	44.26	48.84	48.60	43.20	49.05	53.76	44.36	34.03
131	44.37	49.56	49.42	43.33	49.45	54.64	44.56	34.08
132	44.52	50.23	50.21	43.50	49.88	55.47	44.81	34.12
133	44.70	50.89	50.96	43.70	50.33	56.22	45.09	34.15
134	44.90	51.52	51.67	43.92	50.78	56.93	45.42	34.19
135	45.12	52.11	52.33	44.16	51.25	57.58	45.77	34.23
136	45.35	52.67	52.94	44.41	51.71	58.19	46.15	34.26
137	45.59	53.20	53.53	44.68	52.18	58.76	46.54	34.30
138	45.84	53.71	54.07	44.96	52.64	59.31	46.93	34.33
139	46.09	54.18	54.58	45.23	53.10	59.81	47.34	34.37
140	46.35	54.64	55.06	45.51	53.55	60.30	47.74	34.41
141	46.62	55.07	55.51	45.79	54.00	60.75	48.14	34.45
142	46.88	55.48	55.93	46.06	54.44	61.19	48.54	34.48
143	47.15	55.86	56.31	46.34	54.87	61.52	48.94	34.52
144	47.41	56.04	56.45	46.63	55.28	61.28	49.32	34.56
145	47.67	55.94	56.24	46.90	55.58	60.56	49.68	34.61
146	47.92	55.62	55.78	47.14	55.74	59.64	49.99	34.65
147	48.13	55.16	55.16	47.34	55.77	58.68	50.21	34.70
148	48.29	54.62	54.47	47.48	55.69	57.75	50.35	34.75
149	48.41	54.06	53.76	47.57	55.54	56.87	50.42	34.80
150	48.49	53.51	53.07	47.62	55.33	56.06	50.41	34.85
151	48.53	52.96	52.39	47.62	55.08	55.32	50.34	34.91
152	48.54	52.45	51.75	47.59	54.80	54.63	50.21	34.96
153	48.52	51.95	51.14	47.53	54.50	54.01	50.05	35.02
154	48.49	51.48	50.58	47.44	54.18	53.43	49.84	35.09
155	48.43	51.03	50.05	47.34	53.86	52.89	49.61	35.14
156	48.35	50.61	49.56	47.22	53.54	52.40	49.35	35.20
157	48.28	50.22	49.10	47.09	53.20	51.93	49.09	35.27
158	48.19	49.86	48.67	46.95	52.88	51.51	48.81	35.33
159	48.08	49.52	48.28	46.81	52.55	51.10	48.53	35.39
160	47.98	49.20	47.91	46.66	52.22	50.72	48.25	35.46
161	47.87	48.90	47.56	46.52	51.90	50.36	47.96	35.52
162	47.75	48.62	47.24	46.36	51.58	50.03	47.68	35.58
163	47.64	48.37	46.97	46.21	51.27	49.82	47.40	35.63
164	47.52	48.33	46.97	46.06	50.99	50.26	47.13	35.69
165	47.41	48.61	47.33	45.91	50.82	51.19	46.88	35.74
166	47.32	49.11	47.96	45.79	50.80	52.31	46.69	35.79
167	47.26	49.74	48.74	45.72	50.92	53.45	46.58	35.84
168	47.24	50.44	49.58	45.70	51.14	54.55	46.55	35.89
169	47.27	51.16	50.44	45.74	51.44	55.58	46.61	35.93
170	47.34	51.88	51.29	45.82	51.80	56.52	46.73	35.97
171	47.45	52.58	52.10	45.94	52.20	57.40	46.93	36.01
172	47.59	53.26	52.88	46.11	52.62	58.21	47.18	36.05
173	47.76	53.90	53.62	46.30	53.06	58.95	47.47	36.09
174	47.95	54.51	54.31	46.52	53.51	59.64	47.80	36.12
175	48.16	55.09	54.96	46.75	53.96	60.28	48.15	36.15
176	48.37	55.63	55.57	47.00	54.42	60.87	48.52	36.19
177	48.60	56.16	56.14	47.25	54.87	61.43	48.91	36.22
178	48.84	56.64	56.67	47.52	55.33	61.97	49.30	36.25
179	49.09	57.11	57.17	47.78	55.77	62.46	49.70	36.28
180	49.34	57.56	57.63	48.05	56.22	62.93	50.09	36.32
181	49.58	57.97	58.07	48.32	56.65	63.38	50.49	36.35
182	49.84	58.38	58.47	48.58	57.08	63.80	50.89	36.39
183	50.09	58.74	58.84	48.85	57.50	64.14	51.27	36.42
184	50.35	58.93	58.98	49.12	57.90	63.92	51.65	36.47
185	50.60	58.83	58.77	49.39	58.19	63.21	51.99	36.50
186	50.83	58.50	58.29	49.62	58.36	62.28	52.30	36.55
187	51.02	58.02	57.67	49.81	58.38	61.29	52.52	36.59
188	51.18	57.48	56.97	49.95	58.29	60.33	52.66	36.64
189	51.29	56.90	56.24	50.03	58.13	59.43	52.72	36.69
190	51.37	56.32	55.53	50.06	57.90	58.60	52.70	36.74
191	51.40	55.75	54.84	50.05	57.64	57.83	52.63	36.79
192	51.39	55.21	54.17	50.01	57.35	57.13	52.49	36.85
193	51.36	54.69	53.56	49.94	57.04	56.47	52.31	36.90
194	51.31	54.20	52.97	49.85	56.71	55.88	52.10	36.96
195	51.23	53.74	52.42	49.73	56.37	55.32	51.86	37.02
196	51.15	53.30	51.91	49.60	56.03	54.81	51.60	37.08
197	51.05	52.89	51.44	49.46	55.68	54.33	51.33	37.14
198	50.94	52.50	50.99	49.31	55.34	53.87	51.03	37.20
199	50.83	52.14	50.58	49.16	54.99	53.46	50.74	37.26
200	50.71	51.80	50.20	49.00	54.65	53.06	50.44	37.32
201	50.58	51.48	49.83	48.84	54.31	52.68	50.14	37.38
202	50.45	51.18	49.49	48.67	53.98	52.33	49.84	37.43
203	50.33	50.91	49.19	48.51	53.65	52.02	49.55	37.49
204	50.20	50.78	49.08	48.34	53.34	52.25	49.27	37.54
205	50.07	50.95	49.33	48.19	53.12	53.06	49.00	37.59
206	49.95	51.39	49.89	48.05	53.04	54.14	48.78	37.64
207	49.87	51.99	50.63	47.95	53.11	55.29	48.63	37.68
208	49.83	52.67	51.46	47.90	53.30	56.39	48.57	37.73
209	49.83	53.37	52.32	47.91	53.57	57.44	48.60	37.77
210	49.87	54.09	53.17	47.97	53.90	58.40	48.70	37.81
211	49.96	54.78	53.99	48.08	54.28	59.29	48.87	37.85
212	50.08	55.46	54.78	48.22	54.69	60.11	49.11	37.88
213	50.23	56.10	55.51	48.40	55.11	60.86	49.37	37.92
214	50.40	56.71	56.21	48.60	55.54	61.55	49.68	37.95
215	50.59	57.29	56.86	48.82	55.99	62.20	50.02	37.98
216	50.80	57.84	57.47	49.05	56.43	62.80	50.38	38.00
217	51.01	58.36	58.05	49.29	56.88	63.37	50.76	38.03
218	51.24	58.85	58.58	49.55	57.32	63.89	51.14	38.06
219	51.47	59.32	59.08	49.81	57.76	64.39	51.54	38.09
220	51.70	59.76	59.54	50.07	58.20	64.86	51.93	38.12
221	51.94	60.18	59.98	50.33	58.62	65.31	52.32	38.15
222	52.19	60.57	60.39	50.59	59.05	65.73	52.71	38.18
223	52.43	60.93	60.75	50.86	59.47	66.03	53.09	38.22
224	52.67	61.09	60.85	51.11	59.85	65.75	53.47	38.25
225	52.91	60.95	60.61	51.37	60.13	65.00	53.82	38.28
226	53.13	60.60	60.13	51.59	60.27	64.06	54.11	38.32
227	53.32	60.11	59.49	51.78	60.28	63.08	54.32	38.36
228	53.46	59.56	58.79	51.91	60.18	62.13	54.45	38.41
229	53.56	58.98	58.07	51.98	60.00	61.24	54.50	38.45
230	53.61	58.39	57.35	52.01	59.77	60.41	54.48	38.50
231	53.63	57.83	56.66	51.99	59.50	59.64	54.39	38.54
232	53.61	57.28	56.01	51.94	59.21	58.94	54.25	38.59
233	53.57	56.76	55.39	51.86	58.89	58.30	54.06	38.65
234	53.51	56.27	54.81	51.76	58.55	57.69	53.84	38.70
235	53.43	55.80	54.26	51.64	58.21	57.15	53.60	38.76
236	53.33	55.36	53.75	51.50	57.87	56.63	53.34	38.81
237	53.22	54.95	53.28	51.36	57.51	56.15	53.06	38.87
238	53.10	54.56	52.84	51.20	57.17	55.70	52.77	38.92
239	52.98	54.20	52.42	51.04	56.82	55.29	52.47	38.98
240	52.85	53.86	52.04	50.88	56.48	54.89	52.17	39.03
241	52.72	53.53	51.68	50.71	56.14	54.51	51.87	39.09
242	52.58	53.23	51.34	50.53	55.80	54.16	51.57	39.14
243	52.44	52.97	51.06	50.36	55.47	53.95	51.28	39.19
244	52.30	52.92	51.05	50.19	55.17	54.40	50.99	39.24
245	52.17	53.19	51.41	50.03	54.99	55.33	50.73	39.28
246	52.05	53.67	52.03	49.90	54.96	56.43	50.53	39.32
247	51.97	54.30	52.80	49.81	55.06	57.55	50.40	39.37
248	51.94	54.98	53.64	49.78	55.27	58.63	50.37	39.41
249	51.94	55.68	54.48	49.80	55.56	59.63	50.43	39.45
250	52.00	56.38	55.32	49.87	55.91	60.56	50.55	39.48
251	52.08	57.06	56.12	49.99	56.28	61.41	50.73	39.51
252	52.21	57.71	56.88	50.14	56.69	62.20	50.97	39.54
253	52.36	58.34	57.60	50.31	57.11	62.92	51.25	39.57
254	52.53	58.93	58.28	50.52	57.54	63.59	51.57	39.60
255	52.72	59.49	58.91	50.74	57.97	64.22	51.91	39.63
256	52.92	60.02	59.49	50.97	58.42	64.80	52.27	39.66
257	53.13	60.52	60.04	51.21	58.85	65.35	52.65	39.68
258	53.35	60.99	60.55	51.46	59.29	65.85	53.03	39.70
259	53.58	61.45	61.04	51.72	59.72	66.34	53.41	39.73
260	53.81	61.87	61.48	51.97	60.15	66.80	53.80	39.76
261	54.04	62.27	61.90	52.23	60.56	67.22	54.18	39.79
262	54.28	62.66	62.29	52.48	60.98	67.64	54.56	39.81
263	54.51	63.01	62.64	52.73	61.39	67.95	54.94	39.84
264	54.75	63.17	62.75	52.98	61.76	67.70	55.31	39.88
265	54.98	63.05	62.52	53.23	62.04	66.97	55.64	39.91
266	55.20	62.69	62.03	53.45	62.19	66.04	55.93	39.95
267	55.37	62.20	61.40	53.62	62.19	65.05	56.14	39.99
268	55.51	61.64	60.68	53.74	62.10	64.09	56.27	40.03
269	55.60	61.05	59.96	53.81	61.92	63.18	56.32	40.07
270	55.65	60.45	59.24	53.83	61.68	62.34	56.29	40.12
271	55.67	59.87	58.53	53.81	61.41	61.57	56.20	40.16
272	55.65	59.32	57.87	53.75	61.10	60.85	56.06	40.21
273	55.60	58.79	57.24	53.67	60.78	60.19	55.87	40.26
274	55.53	58.28	56.64	53.56	60.44	59.58	55.64	40.31
275	55.44	57.80	56.09	53.43	60.09	59.02	55.40	40.36
276	55.34	57.36	55.57	53.29	59.74	58.50	55.12	40.41
277	55.23	56.94	55.09	53.14	59.38	58.01	54.84	40.47
278	55.10	56.54	54.64	52.98	59.03	57.55	54.54	40.52
279	54.97	56.17	54.21	52.81	58.67	57.12	54.24	40.57
280	54.84	55.81	53.82	52.64	58.32	56.71	53.93	40.62
281	54.70	55.48	53.45	52.46	57.97	56.33	53.62	40.68
282	54.56	55.18	53.11	52.29	57.63	55.96	53.32	40.73
283	54.41	54.90	52.81	52.11	57.29	55.73	53.02	40.78
284	54.26	54.84	52.79	51.94	56.99	56.14	52.73	40.83
285	54.12	55.08	53.13	51.77	56.79	57.04	52.47	40.87
286	54.00	55.55	53.74	51.63	56.74	58.13	52.26	40.91
287	53.91	56.15	54.49	51.53	56.83	59.25	52.12	40.95
288	53.87	56.83	55.31	51.49	57.04	60.32	52.08	40.99
289	53.87	57.52	56.15	51.51	57.31	61.32	52.11	41.02
290	53.91	58.22	56.97	51.57	57.64	62.23	52.23	41.05
291	54.00	58.89	57.77	51.67	58.02	63.09	52.40	41.09
292	54.11	59.53	58.52	51.82	58.41	63.87	52.64	41.12
293	54.25	60.16	59.24	51.99	58.82	64.59	52.91	41.14
294	54.42	60.74	59.90	52.18	59.25	65.26	53.22	41.17
295	54.59	61.30	60.52	52.40	59.67	65.87	53.55	41.19
296	54.79	61.82	61.10	52.62	60.10	66.45	53.90	41.21
297	55.00	62.32	61.64	52.86	60.54	66.99	54.27	41.24
298	55.21	62.78	62.15	53.10	60.96	67.50	54.65	41.26
299	55.43	63.23	62.63	53.34	61.39	67.97	55.02	41.28
300	55.65	63.65	63.07	53.59	61.80	68.42	55.40	41.31
301	55.88	64.05	63.48	53.84	62.22	68.85	55.78	41.33
302	56.10	64.43	63.87	54.10	62.63	69.26	56.16	41.36
303	56.34	64.77	64.22	54.34	63.02	69.56	56.53	41.38
304	56.57	64.92	64.32	54.59	63.40	69.31	56.89	41.41
305	56.79	64.79	64.09	54.82	63.67	68.56	57.22	41.44
306	57.00	64.43	63.60	55.03	63.80	67.63	57.51	41.48
307	57.17	63.94	62.95	55.20	63.80	66.64	57.71	41.51
308	57.30	63.38	62.25	55.32	63.70	65.67	57.84	41.55
309	57.39	62.77	61.51	55.38	63.52	64.77	57.88	41.59
310	57.43	62.18	60.79	55.40	63.28	63.92	57.85	41.63
311	57.44	61.60	60.09	55.38	63.00	63.15	57.76	41.67
312	57.41	61.04	59.43	55.32	62.69	62.43	57.61	41.72
313	57.36	60.50	58.80	55.23	62.36	61.77	57.42	41.77
314	57.28	60.00	58.20	55.11	62.01	61.16	57.20	41.82
315	57.19	59.52	57.64	54.98	61.66	60.59	56.94	41.87
316	57.08	59.06	57.12	54.83	61.31	60.06	56.66	41.91
317	56.96	58.64	56.63	54.68	60.95	59.57	56.38	41.97
318	56.83	58.24	56.18	54.51	60.58	59.11	56.08	42.02
319	56.69	57.86	55.75	54.34	60.23	58.68	55.77	42.07
320	56.56	57.51	55.36	54.16	59.87	58.27	55.46	42.12
321	56.41	57.17	54.99	53.98	59.52	57.88	55.16	42.17
322	56.26	56.85	54.64	53.80	59.18	57.52	54.85	42.22
323	56.11	56.59	54.36	53.62	58.83	57.34	54.55	42.26
324	55.96	56.56	54.38	53.44	58.54	57.83	54.25	42.30
325	55.81	56.83	54.75	53.27	58.36	58.75	53.99	42.34
326	55.69	57.32	55.38	53.13	58.32	59.84	53.78	42.39
327	55.60	57.93	56.14	53.04	58.42	60.94	53.66	42.42
328	55.56	58.60	56.96	53.00	58.63	61.99	53.62	42.46
329	55.56	59.29	57.78	53.01	58.90	62.98	53.66	42.49
330	55.60	59.97	58.59	53.08	59.24	63.88	53.78	42.51
331	55.69	60.63	59.37	53.18	59.60	64.71	53.96	42.55
332	55.80	61.26	60.11	53.32	60.00	65.48	54.19	42.57
333	55.94	61.87	60.81	53.50	60.40	66.18	54.47	42.60
334	56.10	62.44	61.46	53.68	60.82	66.84	54.78	42.62
335	56.28	62.99	62.08	53.90	61.24	67.44	55.10	42.64
336	56.47	63.50	62.64	54.12	61.66	68.01	55.46	42.66
337	56.67	63.98	63.18	54.35	62.09	68.53	55.82	42.68
338	56.88	64.44	63.67	54.59	62.51	69.03	56.19	42.70
339	57.09	64.88	64.14	54.83	62.93	69.49	56.57	42.72
340	57.31	65.29	64.56	55.07	63.34	69.94	56.94	42.74
341	57.53	65.68	64.96	55.32	63.74	70.35	57.32	42.77
342	57.75	66.04	65.35	55.56	64.14	70.74	57.68	42.78
343	57.97	66.37	65.67	55.80	64.54	71.01	58.05	42.81
344	58.20	66.49	65.73	56.04	64.89	70.69	58.40	42.84
345	58.42	66.32	65.46	56.27	65.14	69.92	58.73	42.87
346	58.61	65.95	64.95	56.47	65.26	68.96	59.00	42.90
347	58.78	65.44	64.29	56.62	65.24	67.98	59.20	42.93
348	58.90	64.86	63.57	56.71	65.13	67.01	59.31	42.97
349	58.98	64.26	62.84	56.77	64.93	66.10	59.33	43.01
350	59.01	63.66	62.12	56.78	64.68	65.27	59.29	43.05
351	59.01	63.07	61.41	56.75	64.39	64.50	59.20	43.09
352	58.97	62.51	60.74	56.68	64.08	63.77	59.04	43.13
353	58.91	61.97	60.11	56.58	63.74	63.12	58.84	43.18
354	58.83	61.46	59.51	56.46	63.40	62.52	58.60	43.22
355	58.72	60.98	58.96	56.32	63.04	61.95	58.34	43.27
356	58.61	60.53	58.44	56.17	62.67	61.42	58.07	43.32
357	58.48	60.10	57.95	56.00	62.31	60.93	57.77	43.37
358	58.35	59.70	57.50	55.84	61.95	60.46	57.47	43.42
359	58.21	59.32	57.08	55.66	61.58	60.03	57.16	43.46
360	58.06	58.96	56.68	55.48	61.23	59.62	56.85	43.51
361	57.91	58.62	56.30	55.29	60.87	59.23	56.53	43.55
362	57.76	58.30	55.95	55.10	60.52	58.86	56.22	43.59
363	57.60	58.03	55.66	54.92	60.18	58.64	55.91	43.63
364	57.44	57.97	55.65	54.74	59.87	59.06	55.62	43.68
365	57.29	58.21	55.99	54.56	59.67	59.96	55.35	43.72
366	57.16	58.68	56.59	54.42	59.62	61.04	55.14	43.75
367	57.07	59.28	57.35	54.32	59.70	62.13	55.01	43.79
368	57.01	59.94	58.16	54.27	59.90	63.19	54.96	43.82
369	57.00	60.62	58.98	54.28	60.16	64.16	54.99	43.85
370	57.04	61.30	59.79	54.34	60.49	65.07	55.10	43.87
371	57.11	61.95	60.57	54.44	60.85	65.90	55.27	43.90
372	57.22	62.59	61.31	54.57	61.24	66.68	55.50	43.92
373	57.35	63.20	62.00	54.74	61.63	67.37	55.76	43.94
374	57.50	63.76	62.66	54.92	62.05	68.03	56.06	43.97
375	57.67	64.31	63.27	55.13	62.46	68.63	56.39	43.98
376	57.86	64.82	63.84	55.35	62.88	69.20	56.74	44.00
377	58.05	65.31	64.36	55.57	63.30	69.72	57.10	44.01
378	58.25	65.77	64.86	55.81	63.72	70.22	57.46	44.03
379	58.46	66.20	65.32	56.04	64.13	70.68	57.84	44.05
380	58.67	66.61	65.75	56.29	64.54	71.12	58.21	44.07
381	58.89	66.99	66.15	56.52	64.94	71.53	58.58	44.09
382	59.11	67.35	66.53	56.76	65.34	71.93	58.94	44.11
383	59.32	67.68	66.85	57.00	65.72	72.19	59.31	44.13
384	59.54	67.80	66.92	57.24	66.07	71.87	59.65	44.15
385	59.75	67.63	66.65	57.46	66.33	71.11	59.98	44.18
386	59.95	67.25	66.14	57.66	66.45	70.16	60.25	44.21
387	60.12	66.74	65.49	57.81	66.43	69.17	60.44	44.24
388	60.23	66.16	64.77	57.91	66.31	68.21	60.55	44.27
389	60.30	65.56	64.03	57.96	66.12	67.30	60.58	44.30
390	60.33	64.96	63.31	57.96	65.86	66.45	60.53	44.34
391	60.32	64.37	62.61	57.93	65.58	65.69	60.43	44.38
392	60.28	63.80	61.93	57.86	65.26	64.97	60.28	44.42
393	60.22	63.27	61.30	57.77	64.92	64.31	60.08	44.46
394	60.13	62.75	60.71	57.63	64.58	63.70	59.84	44.50
395	60.03	62.27	60.15	57.50	64.22	63.13	59.58	44.55
396	59.91	61.81	59.63	57.34	63.86	62.60	59.30	44.60
397	59.78	61.39	59.14	57.18	63.49	62.11	59.01	44.63
398	59.64	60.98	58.68	57.00	63.13	61.64	58.70	44.68
399	59.49	60.60	58.26	56.83	62.76	61.21	58.39	44.72
400	59.34	60.23	57.86	56.64	62.40	60.80	58.08	44.77
401	59.20	59.90	57.48	56.45	62.04	60.40	57.77	44.81
402	59.04	59.57	57.13	56.26	61.69	60.04	57.45	44.85
403	58.88	59.28	56.82	56.08	61.35	59.78	57.14	44.89
404	58.71	59.20	56.77	55.89	61.03	60.14	56.84	44.93
405	58.56	59.41	57.08	55.71	60.82	61.00	56.57	44.96
406	58.42	59.85	57.67	55.56	60.75	62.05	56.35	45.00
407	58.32	60.44	58.40	55.45	60.82	63.14	56.20	45.02
408	58.26	61.09	59.21	55.40	61.00	64.20	56.14	45.05
409	58.24	61.77	60.03	55.40	61.26	65.19	56.17	45.08
410	58.27	62.45	60.84	55.45	61.58	66.09	56.27	45.11
411	58.33	63.11	61.62	55.54	61.93	66.93	56.43	45.13
412	58.44	63.74	62.36	55.67	62.31	67.71	56.65	45.15
413	58.56	64.33	63.05	55.83	62.71	68.36	56.92	45.16
414	58.71	64.74	63.50	56.01	63.10	68.43	57.20	45.18
415	58.87	64.85	63.57	56.21	63.42	67.97	57.50	45.18
416	59.03	64.70	63.37	56.40	63.60	67.25	57.78	45.20
417	59.17	64.41	62.97	56.56	63.66	66.45	58.01	45.21
418	59.27	64.01	62.48	56.68	63.62	65.66	58.17	45.22
419	59.34	63.57	61.94	56.75	63.50	64.90	58.26	45.23
420	59.37	63.12	61.39	56.78	63.33	64.20	58.29	45.24
