#	Temperatur 1 (°C)	Temperatur 2 (°C)	Temperatur 3 (°C)	Temperatur 4 (°C)	Temperatur 5 (°C)	Temperatur 6 (°C)	Temperatur 7 (°C)	Temperatur 8 (°C)
1	17.62	17.47	18.37	18.49	16.39	16.59	18.58	21.26
2	17.64	17.62	18.57	18.52	16.44	16.95	18.63	21.26
3	17.65	18.25	19.37	18.55	16.54	18.30	18.72	21.24
4	17.69	19.30	20.65	18.60	16.82	20.11	18.92	21.24
5	17.77	20.58	22.17	18.69	17.29	22.01	19.29	21.23
6	17.90	21.95	23.75	18.86	17.93	23.86	19.82	21.23
7	18.12	23.35	25.34	19.10	18.67	25.58	20.47	21.22
8	18.41	24.70	26.88	19.40	19.49	27.21	21.23	21.22
9	18.75	26.01	28.34	19.78	20.36	28.70	22.05	21.21
10	19.15	27.25	29.74	20.21	21.25	30.10	22.92	21.24
11	19.58	28.42	31.05	20.67	22.16	31.38	23.82	21.23
12	20.06	29.53	32.27	21.17	23.08	32.59	24.74	21.24
13	20.56	30.56	33.42	21.70	24.00	33.73	25.67	21.25
14	21.06	31.55	34.51	22.23	24.92	34.78	26.59	21.26
15	21.60	32.47	35.52	22.79	25.81	35.78	27.50	21.29
16	22.13	33.33	36.46	23.35	26.71	36.72	28.39	21.30
17	22.68	34.15	37.34	23.90	27.59	37.61	29.26	21.34
18	23.22	34.92	38.16	24.47	28.46	38.47	30.10	21.36
19	23.77	35.65	38.94	25.03	29.31	39.28	30.93	21.41
20	24.31	36.34	39.67	25.59	30.14	40.05	31.73	21.45
21	24.85	37.00	40.35	26.13	30.96	40.79	32.50	21.50
22	25.39	37.62	41.00	26.68	31.75	41.50	33.25	21.55
23	25.92	38.21	41.60	27.21	32.53	42.18	33.97	21.62
24	26.44	38.77	42.17	27.74	33.29	42.83	34.65	21.69
25	26.96	39.31	42.72	28.25	34.03	43.47	35.33	21.76
26	27.47	39.83	43.23	28.77	34.76	44.08	35.97	21.84
27	27.98	40.33	43.71	29.27	35.46	44.67	36.58	21.92
28	28.48	40.80	44.17	29.76	36.15	45.22	37.18	22.01
29	28.97	41.25	44.62	30.25	36.82	45.77	37.75	22.11
30	29.46	41.69	45.04	30.72	37.47	46.30	38.30	22.20
31	29.93	42.11	45.44	31.19	38.11	46.82	38.83	22.32
32	30.41	42.53	45.82	31.65	38.72	47.31	39.34	22.43
33	30.87	42.92	46.19	32.09	39.33	47.79	39.83	22.54
34	31.33	43.30	46.55	32.53	39.91	48.26	40.30	22.66
35	31.78	43.67	46.88	32.96	40.49	48.71	40.75	22.78
36	32.23	44.03	47.21	33.38	41.04	49.15	41.19	22.91
37	32.66	44.38	47.52	33.80	41.58	49.57	41.61	23.04
38	33.09	44.72	47.83	34.20	42.11	49.99	42.00	23.16
39	33.52	45.05	48.12	34.59	42.62	50.38	42.39	23.31
40	33.93	45.37	48.40	34.99	43.13	50.77	42.77	23.44
41	34.33	45.68	48.68	35.37	43.61	51.16	43.12	23.58
42	34.74	45.99	48.94	35.74	44.09	51.53	43.47	23.72
43	35.13	46.29	49.20	36.11	44.55	51.88	43.81	23.87
44	35.53	46.58	49.46	36.47	45.00	52.24	44.14	24.02
45	35.91	46.87	49.69	36.82	45.44	52.58	44.45	24.17
46	36.29	47.15	49.93	37.17	45.87	52.91	44.75	24.31
47	36.66	47.42	50.16	37.51	46.28	53.24	45.04	24.46
48	37.03	47.69	50.39	37.84	46.69	53.56	45.32	24.61
49	37.39	47.95	50.62	38.16	47.09	53.86	45.60	24.76
50	37.74	48.22	50.82	38.48	47.47	54.16	45.86	24.91
51	38.10	48.47	51.04	38.80	47.85	54.45	46.12	25.06
52	38.44	48.66	51.15	39.10	48.22	54.55	46.38	25.22
53	38.78	48.44	50.73	39.41	48.54	53.83	46.59	25.37
54	39.10	47.85	49.90	39.69	48.72	52.68	46.70	25.54
55	39.38	47.04	48.86	39.92	48.73	51.39	46.68	25.68
56	39.60	46.15	47.74	40.08	48.59	50.12	46.51	25.83
57	39.75	45.23	46.63	40.18	48.34	48.92	46.21	25.99
58	39.83	44.33	45.54	40.20	48.01	47.80	45.83	26.13
59	39.86	43.46	44.51	40.17	47.64	46.78	45.37	26.28
60	39.83	42.65	43.55	40.10	47.22	45.83	44.86	26.42
61	39.77	41.89	42.65	39.98	46.78	44.96	44.32	26.57
62	39.67	41.18	41.80	39.82	46.31	44.17	43.75	26.71
63	39.54	40.52	41.03	39.65	45.85	43.43	43.18	26.85
64	39.41	39.93	40.32	39.47	45.38	42.76	42.61	26.98
65	39.26	39.37	39.67	39.26	44.90	42.13	42.03	27.12
66	39.10	38.86	39.06	39.05	44.43	41.55	41.47	27.24
67	38.92	38.39	38.51	38.83	43.97	41.01	40.92	27.36
68	38.75	37.96	38.00	38.61	43.51	40.50	40.38	27.48
69	38.57	37.56	37.54	38.39	43.06	40.04	39.87	27.60
70	38.40	37.20	37.11	38.17	42.62	39.59	39.38	27.70
71	38.21	36.87	36.72	37.95	42.18	39.18	38.89	27.80
72	38.03	36.56	36.37	37.73	41.77	38.79	38.44	27.90
73	37.85	36.27	36.04	37.52	41.36	38.42	38.01	27.99
74	37.68	36.01	35.73	37.31	40.96	38.08	37.60	28.08
75	37.51	35.77	35.46	37.10	40.58	37.75	37.20	28.15
76	37.33	35.55	35.21	36.90	40.20	37.44	36.83	28.23
77	37.17	35.34	34.98	36.70	39.84	37.16	36.47	28.29
78	37.00	35.16	34.77	36.51	39.49	36.88	36.14	28.35
79	36.84	34.98	34.58	36.32	39.15	36.62	35.82	28.41
80	36.67	34.82	34.40	36.14	38.82	36.38	35.53	28.46
81	36.52	34.67	34.24	35.96	38.51	36.15	35.25	28.51
82	36.37	34.53	34.10	35.79	38.21	35.92	34.98	28.55
83	36.23	34.40	33.96	35.62	37.92	35.72	34.74	28.59
84	36.08	34.28	33.84	35.46	37.64	35.52	34.50	28.62
85	35.95	34.17	33.73	35.31	37.37	35.33	34.28	28.65
86	35.81	34.07	33.63	35.15	37.11	35.15	34.08	28.68
87	35.68	33.98	33.53	35.01	36.86	34.99	33.89	28.70
88	35.55	33.89	33.44	34.87	36.62	34.83	33.71	28.72
89	35.43	33.81	33.37	34.73	36.40	34.68	33.53	28.73
90	35.31	33.74	33.30	34.60	36.17	34.53	33.37	28.75
91	35.20	33.67	33.24	34.47	35.97	34.40	33.22	28.76
92	35.08	33.60	33.18	34.35	35.76	34.27	33.09	28.77
93	34.97	33.54	33.13	34.23	35.57	34.15	32.95	28.77
94	34.87	33.49	33.07	34.12	35.38	34.04	32.83	28.78
95	34.76	33.44	33.04	34.02	35.20	33.94	32.72	28.78
96	34.66	33.39	33.00	33.91	35.03	33.84	32.61	28.78
97	34.57	33.34	32.97	33.81	34.88	33.74	32.51	28.78
98	34.47	33.31	32.94	33.71	34.72	33.65	32.43	28.77
99	34.39	33.27	32.91	33.62	34.57	33.56	32.34	28.76
100	34.29	33.23	32.89	33.53	34.43	33.49	32.27	28.76
101	34.21	33.20	32.88	33.44	34.30	33.41	32.20	28.76
102	34.13	33.31	33.05	33.36	34.17	33.75	32.12	28.76
103	34.06	33.91	33.85	33.29	34.12	35.01	32.11	28.75
104	34.01	34.91	35.07	33.24	34.24	36.67	32.23	28.74
105	34.00	36.10	36.48	33.24	34.56	38.39	32.50	28.73
106	34.06	37.37	37.95	33.31	35.03	40.06	32.93	28.73
107	34.19	38.65	39.42	33.47	35.61	41.62	33.48	28.72
108	34.40	39.89	40.84	33.69	36.26	43.06	34.13	28.71
109	34.66	41.09	42.19	33.98	36.97	44.38	34.84	28.71
110	34.97	42.22	43.47	34.31	37.70	45.62	35.61	28.71
111	35.33	43.29	44.67	34.69	38.45	46.75	36.40	28.71
112	35.72	44.29	45.78	35.09	39.22	47.81	37.21	28.71
113	36.13	45.23	46.83	35.53	39.98	48.80	38.03	28.72
114	36.56	46.11	47.80	35.97	40.74	49.72	38.85	28.72
115	37.00	46.93	48.70	36.43	41.49	50.58	39.65	28.73
116	37.46	47.71	49.55	36.90	42.24	51.40	40.45	28.74
117	37.91	48.44	50.34	37.37	42.98	52.16	41.22	28.76
118	38.38	49.12	51.08	37.84	43.71	52.88	41.98	28.79
119	38.84	49.76	51.77	38.31	44.42	53.58	42.72	28.82
120	39.30	50.37	52.41	38.78	45.12	54.24	43.43	28.86
121	39.75	50.94	53.01	39.24	45.80	54.87	44.12	28.89
122	40.21	51.48	53.57	39.70	46.46	55.47	44.79	28.94
123	40.66	51.99	54.10	40.15	47.12	56.04	45.42	29.00
124	41.09	52.48	54.59	40.60	47.75	56.59	46.04	29.05
125	41.53	52.94	55.07	41.03	48.37	57.12	46.63	29.12
126	41.97	53.38	55.51	41.46	48.98	57.63	47.20	29.19
127	42.40	53.80	55.92	41.88	49.57	58.12	47.74	29.26
128	42.82	54.20	56.32	42.29	50.14	58.58	48.26	29.35
129	43.23	54.58	56.69	42.70	50.70	59.04	48.76	29.43
130	43.63	54.95	57.05	43.10	51.24	59.48	49.25	29.52
131	44.04	55.30	57.38	43.49	51.76	59.90	49.70	29.62
132	44.43	55.64	57.70	43.87	52.27	60.31	50.14	29.72
133	44.83	55.97	58.00	44.24	52.78	60.70	50.57	29.82
134	45.20	56.28	58.30	44.61	53.26	61.08	50.98	29.93
135	45.58	56.58	58.57	44.97	53.73	61.45	51.37	30.04
136	45.95	56.88	58.84	45.32	54.19	61.80	51.75	30.16
137	46.32	57.17	59.10	45.67	54.64	62.15	52.10	30.28
138	46.67	57.44	59.35	46.00	55.08	62.48	52.45	30.40
139	47.03	57.71	59.58	46.33	55.50	62.80	52.78	30.52
140	47.38	57.97	59.81	46.65	55.91	63.12	53.10	30.65
141	47.71	58.23	60.03	46.97	56.31	63.43	53.41	30.78
142	48.05	58.47	60.25	47.28	56.71	63.72	53.70	30.91
143	48.38	58.71	60.45	47.59	57.09	64.01	53.99	31.04
144	48.70	58.95	60.65	47.88	57.46	64.29	54.27	31.18
145	49.02	59.18	60.85	48.17	57.81	64.56	54.53	31.31
146	49.34	59.40	61.02	48.45	58.16	64.82	54.77	31.45
147	49.65	59.62	61.21	48.73	58.50	65.07	55.02	31.59
148	49.95	59.84	61.40	49.00	58.83	65.32	55.26	31.73
149	50.24	60.05	61.57	49.27	59.16	65.56	55.49	31.87
150	50.53	60.25	61.74	49.53	59.47	65.80	55.71	32.01
151	50.82	60.45	61.90	49.79	59.78	66.03	55.92	32.15
152	51.10	60.57	61.93	50.04	60.07	66.02	56.13	32.29
153	51.38	60.27	61.43	50.28	60.32	65.21	56.30	32.44
154	51.63	59.60	60.54	50.50	60.42	64.02	56.36	32.58
155	51.84	58.76	59.47	50.67	60.35	62.69	56.28	32.73
156	51.99	57.81	58.32	50.78	60.15	61.40	56.06	32.87
157	52.08	56.85	57.18	50.81	59.84	60.17	55.73	33.01
158	52.10	55.91	56.07	50.78	59.46	59.02	55.31	33.14
159	52.06	55.01	55.03	50.70	59.03	57.97	54.82	33.29
160	51.98	54.16	54.02	50.57	58.56	56.99	54.28	33.42
161	51.86	53.37	53.10	50.40	58.08	56.09	53.71	33.55
162	51.71	52.63	52.24	50.20	57.57	55.25	53.12	33.68
163	51.53	51.94	51.44	49.99	57.06	54.49	52.52	33.81
164	51.34	51.31	50.70	49.74	56.54	53.77	51.91	33.94
165	51.13	50.71	50.02	49.50	56.02	53.10	51.33	34.06
166	50.92	50.17	49.38	49.24	55.50	52.48	50.74	34.17
167	50.69	49.66	48.80	48.98	55.00	51.90	50.16	34.28
168	50.46	49.19	48.26	48.72	54.49	51.36	49.60	34.39
169	50.23	48.75	47.76	48.45	54.00	50.86	49.06	34.49
170	50.00	48.36	47.31	48.19	53.52	50.37	48.53	34.59
171	49.77	47.98	46.89	47.93	53.04	49.92	48.04	34.68
172	49.54	47.63	46.50	47.66	52.59	49.50	47.56	34.76
173	49.32	47.30	46.14	47.41	52.13	49.09	47.10	34.84
174	49.09	47.01	45.81	47.16	51.70	48.71	46.66	34.92
175	48.87	46.73	45.50	46.92	51.27	48.34	46.24	34.98
176	48.65	46.46	45.21	46.67	50.86	48.00	45.84	35.04
177	48.43	46.22	44.95	46.44	50.45	47.67	45.46	35.10
178	48.22	45.99	44.71	46.20	50.06	47.36	45.11	35.15
179	48.01	45.78	44.48	45.98	49.69	47.06	44.77	35.20
180	47.81	45.58	44.27	45.76	49.32	46.78	44.44	35.24
181	47.61	45.39	44.08	45.54	48.97	46.51	44.14	35.28
182	47.42	45.21	43.90	45.34	48.63	46.25	43.85	35.31
183	47.22	45.05	43.73	45.14	48.30	46.00	43.58	35.34
184	47.04	44.89	43.57	44.94	47.98	45.77	43.32	35.36
185	46.85	44.74	43.43	44.75	47.67	45.54	43.07	35.38
186	46.67	44.60	43.29	44.57	47.38	45.33	42.84	35.40
187	46.50	44.47	43.16	44.38	47.09	45.12	42.63	35.41
188	46.33	44.34	43.04	44.21	46.81	44.93	42.42	35.42
189	46.16	44.23	42.93	44.03	46.54	44.75	42.23	35.43
190	46.00	44.11	42.83	43.87	46.29	44.57	42.04	35.42
191	45.84	44.00	42.73	43.71	46.04	44.40	41.87	35.43
192	45.69	43.90	42.64	43.55	45.80	44.23	41.70	35.43
193	45.53	43.81	42.56	43.40	45.57	44.07	41.54	35.42
194	45.39	43.71	42.47	43.25	45.35	43.93	41.40	35.41
195	45.25	43.62	42.40	43.11	45.14	43.78	41.26	35.41
196	45.10	43.54	42.33	42.98	44.93	43.64	41.13	35.39
197	44.97	43.46	42.26	42.84	44.73	43.52	41.01	35.39
198	44.83	43.38	42.20	42.71	44.54	43.39	40.89	35.38
199	44.71	43.31	42.14	42.59	44.35	43.28	40.79	35.37
200	44.58	43.24	42.09	42.47	44.18	43.16	40.69	35.35
201	44.45	43.18	42.04	42.35	44.00	43.05	40.59	35.34
202	44.33	43.15	42.06	42.24	43.84	43.10	40.50	35.32
203	44.22	43.55	42.63	42.13	43.72	44.07	40.44	35.31
204	44.11	44.40	43.69	42.03	43.74	45.59	40.48	35.29
205	44.05	45.49	45.00	41.99	43.96	47.24	40.68	35.28
206	44.05	46.69	46.41	42.01	44.34	48.86	41.03	35.26
207	44.13	47.92	47.83	42.11	44.85	50.39	41.51	35.24
208	44.27	49.12	49.21	42.28	45.44	51.81	42.10	35.23
209	44.48	50.28	50.54	42.52	46.08	53.13	42.75	35.22
210	44.74	51.39	51.79	42.80	46.75	54.33	43.47	35.20
211	45.05	52.43	52.95	43.14	47.45	55.46	44.22	35.19
212	45.39	53.40	54.06	43.50	48.17	56.49	45.00	35.19
213	45.76	54.31	55.09	43.89	48.88	57.45	45.78	35.18
214	46.14	55.16	56.04	44.30	49.60	58.35	46.57	35.18
215	46.54	55.96	56.93	44.73	50.32	59.19	47.36	35.18
216	46.95	56.71	57.75	45.16	51.02	59.97	48.12	35.19
217	47.37	57.41	58.53	45.60	51.72	60.71	48.87	35.19
218	47.79	58.06	59.25	46.03	52.39	61.40	49.61	35.22
219	48.21	58.67	59.90	46.47	53.06	62.06	50.32	35.23
220	48.63	59.26	60.53	46.90	53.73	62.69	51.01	35.26
221	49.05	59.80	61.11	47.34	54.37	63.29	51.68	35.29
222	49.46	60.31	61.65	47.76	55.01	63.86	52.32	35.32
223	49.87	60.79	62.16	48.19	55.62	64.40	52.94	35.36
224	50.28	61.25	62.64	48.60	56.22	64.92	53.54	35.42
225	50.68	61.67	63.07	49.01	56.81	65.42	54.11	35.47
226	51.08	62.09	63.50	49.41	57.38	65.89	54.66	35.53
227	51.47	62.48	63.89	49.80	57.93	66.35	55.18	35.60
228	51.85	62.85	64.26	50.18	58.47	66.79	55.69	35.66
229	52.23	63.20	64.61	50.56	58.99	67.21	56.18	35.74
230	52.60	63.53	64.94	50.93	59.51	67.61	56.64	35.82
231	52.97	63.86	65.25	51.29	60.01	68.01	57.09	35.91
232	53.33	64.17	65.54	51.65	60.49	68.38	57.50	35.99
233	53.68	64.46	65.82	52.00	60.95	68.74	57.91	36.09
234	54.03	64.75	66.09	52.33	61.41	69.09	58.30	36.20
235	54.37	65.02	66.34	52.66	61.85	69.43	58.67	36.29
236	54.70	65.28	66.58	52.99	62.27	69.76	59.03	36.40
237	55.03	65.54	66.81	53.30	62.69	70.08	59.37	36.51
238	55.36	65.78	67.03	53.61	63.09	70.39	59.69	36.62
239	55.67	66.02	67.24	53.91	63.49	70.68	60.01	36.73
240	55.99	66.25	67.44	54.21	63.88	70.97	60.30	36.85
241	56.28	66.47	67.63	54.49	64.24	71.26	60.59	36.97
242	56.59	66.69	67.82	54.77	64.60	71.52	60.87	37.09
243	56.89	66.90	68.00	55.05	64.95	71.78	61.13	37.21
244	57.18	67.10	68.17	55.32	65.29	72.03	61.39	37.34
245	57.46	67.30	68.34	55.59	65.61	72.27	61.63	37.46
246	57.74	67.50	68.50	55.85	65.94	72.52	61.87	37.59
247	58.02	67.68	68.66	56.10	66.25	72.75	62.10	37.73
248	58.28	67.87	68.80	56.34	66.55	72.97	62.32	37.85
249	58.55	68.04	68.95	56.58	66.84	73.19	62.53	37.98
250	58.81	68.22	69.10	56.82	67.13	73.39	62.72	38.11
251	59.06	68.39	69.23	57.05	67.40	73.60	62.92	38.25
252	59.31	68.55	69.36	57.27	67.67	73.78	63.11	38.38
253	59.55	68.51	69.19	57.49	67.93	73.47	63.29	38.51
254	59.79	68.04	68.51	57.70	68.10	72.46	63.40	38.65
255	60.00	67.26	67.51	57.87	68.11	71.19	63.39	38.78
256	60.16	66.35	66.39	57.99	67.97	69.85	63.24	38.91
257	60.25	65.38	65.22	58.04	67.70	68.56	62.96	39.04
258	60.28	64.41	64.08	58.03	67.34	67.34	62.58	39.17
259	60.25	63.46	62.98	57.95	66.91	66.21	62.12	39.30
260	60.16	62.55	61.93	57.82	66.45	65.17	61.60	39.43
261	60.03	61.70	60.94	57.65	65.95	64.20	61.03	39.55
262	59.86	60.90	60.02	57.44	65.43	63.30	60.44	39.67
263	59.67	60.15	59.16	57.21	64.90	62.47	59.82	39.79
264	59.46	59.46	58.36	56.96	64.36	61.70	59.20	39.91
265	59.23	58.81	57.62	56.70	63.82	60.98	58.58	40.02
266	58.99	58.22	56.94	56.42	63.28	60.31	57.97	40.12
267	58.74	57.65	56.31	56.14	62.74	59.68	57.38	40.23
268	58.48	57.14	55.72	55.86	62.21	59.09	56.80	40.33
269	58.22	56.65	55.18	55.57	61.69	58.54	56.23	40.43
270	57.96	56.20	54.67	55.28	61.18	58.02	55.67	40.52
271	57.70	55.79	54.21	54.99	60.68	57.52	55.15	40.61
272	57.44	55.40	53.77	54.71	60.18	57.06	54.64	40.68
273	57.18	55.04	53.38	54.43	59.70	56.61	54.15	40.76
274	56.93	54.70	53.01	54.16	59.24	56.19	53.68	40.82
275	56.67	54.38	52.66	53.88	58.78	55.79	53.24	40.88
276	56.43	54.08	52.34	53.62	58.33	55.41	52.81	40.94
277	56.18	53.80	52.04	53.36	57.90	55.04	52.40	40.99
278	55.94	53.53	51.76	53.10	57.48	54.70	52.01	41.03
279	55.70	53.29	51.50	52.86	57.08	54.37	51.64	41.07
280	55.46	53.06	51.26	52.61	56.68	54.05	51.29	41.11
281	55.24	52.83	51.04	52.37	56.30	53.76	50.96	41.13
282	55.02	52.63	50.82	52.13	55.93	53.47	50.65	41.16
283	54.79	52.43	50.62	51.90	55.57	53.19	50.34	41.18
284	54.58	52.24	50.44	51.69	55.22	52.92	50.05	41.19
285	54.36	52.06	50.26	51.46	54.88	52.67	49.78	41.21
286	54.15	51.89	50.10	51.25	54.56	52.43	49.52	41.21
287	53.94	51.73	49.94	51.05	54.24	52.20	49.28	41.22
288	53.74	51.57	49.80	50.85	53.93	51.97	49.05	41.22
289	53.55	51.43	49.66	50.65	53.64	51.76	48.83	41.22
290	53.36	51.29	49.53	50.46	53.35	51.55	48.62	41.21
291	53.17	51.15	49.40	50.27	53.08	51.35	48.42	41.20
292	52.99	51.02	49.29	50.09	52.81	51.16	48.24	41.19
293	52.81	50.90	49.18	49.92	52.55	50.98	48.06	41.18
294	52.63	50.78	49.08	49.75	52.30	50.81	47.89	41.17
295	52.46	50.66	48.97	49.58	52.06	50.63	47.73	41.15
296	52.29	50.55	48.88	49.42	51.83	50.47	47.58	41.13
297	52.12	50.44	48.79	49.26	51.61	50.32	47.44	41.11
298	51.96	50.33	48.70	49.11	51.39	50.16	47.30	41.10
299	51.81	50.24	48.62	48.96	51.18	50.02	47.17	41.07
300	51.65	50.14	48.54	48.81	50.98	49.88	47.05	41.05
301	51.50	50.05	48.46	48.68	50.78	49.74	46.93	41.02
302	51.36	49.96	48.39	48.54	50.59	49.62	46.82	40.99
303	51.22	50.00	48.51	48.40	50.41	49.86	46.71	40.97
304	51.08	50.52	49.22	48.28	50.29	51.02	46.66	40.94
305	50.96	51.43	50.35	48.18	50.35	52.55	46.72	40.91
306	50.89	52.52	51.68	48.13	50.60	54.17	46.95	40.89
307	50.90	53.70	53.05	48.16	50.99	55.73	47.32	40.86
308	50.96	54.90	54.43	48.26	51.50	57.19	47.81	40.84
309	51.11	56.06	55.76	48.43	52.07	58.54	48.40	40.81
310	51.31	57.16	57.03	48.66	52.70	59.79	49.06	40.79
311	51.56	58.22	58.22	48.94	53.35	60.94	49.76	40.77
312	51.85	59.20	59.34	49.26	54.02	62.00	50.49	40.75
313	52.17	60.13	60.38	49.61	54.71	62.98	51.25	40.73
314	52.52	60.99	61.36	49.99	55.40	63.89	52.00	40.72
315	52.88	61.80	62.26	50.38	56.09	64.74	52.77	40.71
316	53.26	62.55	63.10	50.78	56.77	65.53	53.52	40.70
317	53.64	63.26	63.88	51.19	57.45	66.28	54.26	40.69
318	54.03	63.91	64.60	51.60	58.12	66.98	54.98	40.70
319	54.43	64.53	65.27	52.01	58.77	67.64	55.68	40.70
320	54.82	65.11	65.90	52.43	59.41	68.25	56.37	40.71
321	55.22	65.65	66.48	52.84	60.04	68.85	57.03	40.73
322	55.61	66.15	67.02	53.24	60.65	69.42	57.66	40.75
323	56.00	66.63	67.52	53.65	61.25	69.95	58.28	40.77
324	56.39	67.08	68.00	54.05	61.84	70.47	58.87	40.81
325	56.77	67.51	68.43	54.43	62.41	70.95	59.44	40.85
326	57.14	67.91	68.85	54.82	62.96	71.41	59.98	40.89
327	57.51	68.28	69.24	55.19	63.50	71.86	60.51	40.94
328	57.88	68.64	69.60	55.56	64.02	72.29	61.01	41.00
329	58.24	68.98	69.94	55.92	64.53	72.70	61.48	41.06
330	58.59	69.30	70.26	56.28	65.03	73.10	61.94	41.12
331	58.94	69.62	70.56	56.62	65.51	73.48	62.38	41.20
332	59.28	69.91	70.85	56.96	65.98	73.84	62.80	41.27
333	59.62	70.20	71.12	57.29	66.43	74.19	63.19	41.35
334	59.95	70.47	71.37	57.61	66.87	74.53	63.57	41.43
335	60.27	70.73	71.62	57.92	67.30	74.85	63.94	41.52
336	60.59	70.97	71.85	58.23	67.72	75.17	64.29	41.62
337	60.89	71.21	72.06	58.54	68.11	75.48	64.62	41.72
338	61.20	71.45	72.27	58.83	68.50	75.77	64.94	41.80
339	61.49	71.67	72.46	59.12	68.88	76.06	65.24	41.91
340	61.79	71.88	72.65	59.40	69.24	76.33	65.54	42.01
341	62.08	72.09	72.83	59.67	69.60	76.59	65.82	42.12
342	62.36	72.29	73.01	59.93	69.94	76.84	66.08	42.23
343	62.63	72.48	73.17	60.20	70.28	77.10	66.35	42.34
344	62.91	72.67	73.33	60.45	70.59	77.33	66.59	42.46
345	63.18	72.86	73.49	60.70	70.90	77.56	66.83	42.57
346	63.43	73.04	73.64	60.94	71.21	77.78	67.06	42.69
347	63.69	73.21	73.78	61.18	71.50	77.99	67.27	42.80
348	63.94	73.37	73.91	61.41	71.79	78.20	67.49	42.92
349	64.19	73.55	74.05	61.63	72.06	78.39	67.68	43.04
350	64.43	73.70	74.18	61.85	72.33	78.59	67.87	43.16
351	64.67	73.85	74.30	62.07	72.59	78.77	68.06	43.28
352	64.90	74.01	74.42	62.28	72.85	78.95	68.23	43.40
353	65.13	73.96	74.28	62.49	73.09	78.68	68.40	43.53
354	65.34	73.50	73.60	62.68	73.25	77.69	68.51	43.64
355	65.54	72.73	72.62	62.85	73.27	76.41	68.51	43.77
356	65.68	71.81	71.50	62.96	73.13	75.09	68.36	43.89
357	65.75	70.82	70.32	63.00	72.85	73.80	68.08	44.01
358	65.76	69.83	69.18	62.97	72.47	72.56	67.70	44.13
359	65.72	68.88	68.06	62.88	72.04	71.42	67.22	44.25
360	65.61	67.96	67.00	62.73	71.57	70.36	66.69	44.37
361	65.46	67.10	66.00	62.55	71.06	69.37	66.12	44.48
362	65.29	66.28	65.07	62.33	70.53	68.46	65.52	44.59
363	65.08	65.52	64.19	62.09	69.99	67.62	64.90	44.70
364	64.85	64.81	63.39	61.83	69.45	66.84	64.28	44.80
365	64.61	64.14	62.62	61.55	68.90	66.10	63.65	44.91
366	64.35	63.53	61.93	61.27	68.35	65.42	63.04	45.01
367	64.08	62.95	61.28	60.97	67.81	64.78	62.43	45.10
368	63.81	62.42	60.68	60.67	67.26	64.18	61.83	45.18
369	63.54	61.92	60.12	60.37	66.73	63.60	61.26	45.27
370	63.26	61.46	59.60	60.07	66.20	63.07	60.69	45.35
371	62.98	61.02	59.13	59.78	65.69	62.57	60.15	45.43
372	62.71	60.62	58.68	59.48	65.18	62.09	59.63	45.50
373	62.43	60.24	58.27	59.18	64.69	61.62	59.14	45.56
374	62.16	59.89	57.88	58.90	64.21	61.19	58.65	45.61
375	61.90	59.55	57.53	58.61	63.74	60.78	58.19	45.66
376	61.63	59.24	57.19	58.33	63.29	60.38	57.75	45.71
377	61.36	58.94	56.88	58.06	62.85	60.01	57.34	45.75
378	61.10	58.66	56.58	57.79	62.42	59.65	56.94	45.79
379	60.85	58.40	56.31	57.52	62.00	59.31	56.56	45.81
380	60.60	58.15	56.06	57.27	61.59	58.98	56.19	45.84
381	60.35	57.91	55.81	57.01	61.20	58.66	55.85	45.85
382	60.11	57.69	55.59	56.77	60.81	58.36	55.52	45.87
383	59.88	57.48	55.38	56.53	60.44	58.07	55.20	45.88
384	59.64	57.27	55.17	56.29	60.07	57.79	54.90	45.88
385	59.41	57.07	54.98	56.06	59.72	57.53	54.62	45.89
386	59.18	56.89	54.80	55.83	59.39	57.27	54.36	45.89
387	58.97	56.71	54.64	55.62	59.07	57.02	54.10	45.88
388	58.75	56.54	54.47	55.40	58.75	56.78	53.85	45.87
389	58.54	56.38	54.32	55.20	58.43	56.55	53.62	45.86
390	58.33	56.22	54.18	54.99	58.13	56.33	53.40	45.84
391	58.13	56.08	54.04	54.79	57.84	56.12	53.19	45.82
392	57.93	55.93	53.91	54.60	57.57	55.91	52.99	45.80
393	57.74	55.78	53.78	54.41	57.29	55.71	52.80	45.78
394	57.55	55.65	53.66	54.23	57.03	55.52	52.62	45.76
395	57.36	55.52	53.55	54.05	56.78	55.34	52.45	45.73
396	57.18	55.39	53.44	53.88	56.53	55.16	52.28	45.71
397	57.00	55.27	53.34	53.71	56.29	54.99	52.12	45.67
398	56.83	55.16	53.24	53.55	56.06	54.82	51.98	45.64
399	56.66	55.04	53.15	53.39	55.84	54.66	51.83	45.61
400	56.49	54.93	53.05	53.23	55.62	54.51	51.70	45.58
401	56.32	54.81	52.96	53.08	55.41	54.36	51.57	45.54
402	56.16	54.71	52.87	52.92	55.21	54.21	51.44	45.51
403	56.01	54.62	52.80	52.79	55.01	54.10	51.32	45.47
404	55.84	54.79	53.10	52.64	54.83	54.68	51.22	45.44
405	55.70	55.44	53.97	52.51	54.76	55.99	51.19	45.40
406	55.59	56.41	55.17	52.42	54.87	57.54	51.31	45.38
407	55.53	57.53	56.49	52.38	55.16	59.11	51.58	45.34
408	55.54	58.70	57.86	52.43	55.58	60.62	51.98	45.29
409	55.62	59.85	59.20	52.53	56.09	62.02	52.49	45.26
410	55.77	60.97	60.48	52.72	56.67	63.30	53.08	45.23
411	55.98	62.03	61.69	52.95	57.29	64.50	53.74	45.20
412	56.23	63.05	62.84	53.23	57.92	65.59	54.44	45.17
413	56.52	63.98	63.90	53.55	58.59	66.60	55.17	45.14
414	56.83	64.87	64.90	53.90	59.26	67.53	55.91	45.11
415	57.17	65.69	65.82	54.26	59.92	68.40	56.65	45.09
416	57.53	66.46	66.68	54.64	60.59	69.20	57.40	45.08
417	57.89	67.17	67.48	55.04	61.25	69.96	58.12	45.06
418	58.26	67.84	68.21	55.44	61.90	70.67	58.85	45.04
419	58.63	68.45	68.90	55.83	62.54	71.33	59.55	45.03
420	59.01	69.03	69.53	56.23	63.18	71.96	60.23	45.04
421	59.39	69.58	70.13	56.63	63.78	72.55	60.89	45.04
422	59.77	70.08	70.67	57.03	64.39	73.10	61.52	45.05
423	60.14	70.56	71.18	57.42	64.98	73.64	62.14	45.06
424	60.51	71.00	71.65	57.80	65.56	74.15	62.72	45.09
425	60.87	71.43	72.09	58.18	66.12	74.63	63.29	45.11
426	61.24	71.83	72.50	58.55	66.66	75.09	63.83	45.14
427	61.59	72.20	72.88	58.91	67.19	75.53	64.34	45.18
428	61.94	72.55	73.24	59.27	67.71	75.97	64.84	45.22
429	62.29	72.89	73.58	59.62	68.21	76.36	65.32	45.27
430	62.63	73.21	73.91	59.97	68.69	76.75	65.78	45.32
431	62.97	73.51	74.20	60.30	69.17	77.12	66.21	45.38
432	63.29	73.79	74.48	60.63	69.62	77.47	66.63	45.44
433	63.61	74.07	74.74	60.95	70.07	77.82	67.02	45.51
434	63.93	74.33	75.00	61.27	70.51	78.15	67.40	45.58
435	64.24	74.58	75.23	61.58	70.92	78.46	67.76	45.66
436	64.54	74.82	75.45	61.87	71.32	78.77	68.10	45.74
437	64.84	75.05	75.67	62.17	71.72	79.07	68.43	45.82
438	65.14	75.27	75.86	62.45	72.10	79.35	68.74	45.91
439	65.42	75.48	76.06	62.72	72.46	79.62	69.05	46.00
440	65.70	75.69	76.24	63.00	72.82	79.89	69.34	46.10
441	65.98	75.88	76.41	63.26	73.17	80.14	69.61	46.19
442	66.25	76.07	76.57	63.52	73.50	80.38	69.87	46.29
443	66.51	76.25	76.72	63.77	73.81	80.61	70.12	46.39
444	66.76	76.42	76.88	64.01	74.13	80.84	70.36	46.50
445	67.02	76.59	77.03	64.25	74.43	81.05	70.59	46.60
446	67.27	76.76	77.16	64.48	74.73	81.26	70.81	46.71
447	67.51	76.92	77.29	64.71	75.01	81.46	71.02	46.81
448	67.75	77.08	77.42	64.93	75.29	81.66	71.22	46.92
449	67.99	77.23	77.54	65.15	75.56	81.85	71.41	47.03
450	68.21	77.38	77.67	65.36	75.82	82.03	71.59	47.14
451	68.44	77.52	77.77	65.57	76.06	82.20	71.77	47.25
452	68.66	77.66	77.88	65.76	76.31	82.38	71.93	47.36
453	68.87	77.79	77.98	65.96	76.55	82.55	72.09	47.47
454	69.08	77.90	78.03	66.15	76.78	82.63	72.24	47.58
455	69.28	77.67	77.65	66.33	76.97	82.00	72.38	47.69
456	69.48	77.04	76.81	66.50	77.07	80.86	72.43	47.80
457	69.64	76.18	75.75	66.62	77.00	79.54	72.34	47.92
458	69.73	75.22	74.59	66.69	76.78	78.21	72.13	48.03
459	69.76	74.23	73.43	66.69	76.44	76.93	71.78	48.14
460	69.73	73.24	72.28	66.62	76.03	75.73	71.34	48.25
461	69.65	72.28	71.17	66.49	75.57	74.61	70.83	48.34
462	69.51	71.37	70.14	66.31	75.06	73.56	70.27	48.45
463	69.34	70.52	69.17	66.11	74.52	72.59	69.67	48.56
464	69.13	69.72	68.26	65.87	73.97	71.69	69.05	48.67
465	68.89	68.97	67.40	65.60	73.41	70.87	68.42	48.76
466	68.64	68.27	66.61	65.32	72.85	70.09	67.79	48.86
467	68.37	67.61	65.87	65.02	72.29	69.37	67.15	48.95
468	68.09	67.00	65.18	64.71	71.72	68.70	66.53	49.03
469	67.81	66.43	64.54	64.41	71.17	68.06	65.91	49.11
470	67.52	65.90	63.95	64.09	70.62	67.46	65.31	49.19
471	67.23	65.40	63.40	63.78	70.08	66.90	64.73	49.26
472	66.94	64.94	62.89	63.47	69.55	66.36	64.16	49.33
473	66.65	64.50	62.41	63.16	69.02	65.85	63.62	49.39
474	66.36	64.10	61.97	62.85	68.51	65.37	63.10	49.44
475	66.07	63.72	61.55	62.55	68.02	64.91	62.59	49.49
476	65.79	63.36	61.17	62.25	67.53	64.48	62.11	49.54
477	65.51	63.02	60.81	61.96	67.06	64.06	61.65	49.58
478	65.23	62.70	60.48	61.67	66.59	63.66	61.21	49.61
479	64.95	62.40	60.17	61.39	66.14	63.28	60.79	49.64
480	64.68	62.12	59.87	61.11	65.70	62.92	60.39	49.66
481	64.41	61.85	59.59	60.84	65.28	62.57	60.00	49.68
482	64.15	61.59	59.33	60.57	64.86	62.23	59.64	49.69
483	63.90	61.35	59.09	60.31	64.46	61.91	59.29	49.70
484	63.64	61.12	58.86	60.06	64.07	61.60	58.96	49.70
485	63.40	60.90	58.64	59.81	63.68	61.31	58.64	49.69
486	63.15	60.69	58.43	59.56	63.33	61.02	58.33	49.69
487	62.92	60.48	58.24	59.32	62.97	60.75	58.05	49.68
488	62.68	60.29	58.05	59.09	62.62	60.48	57.78	49.67
489	62.45	60.11	57.88	58.87	62.28	60.23	57.51	49.65
490	62.22	59.93	57.71	58.65	61.96	59.99	57.27	49.63
491	62.00	59.76	57.56	58.43	61.64	59.75	57.03	49.61
492	61.78	59.59	57.41	58.22	61.33	59.52	56.81	49.59
493	61.57	59.44	57.26	58.02	61.04	59.30	56.58	49.55
494	61.36	59.28	57.13	57.82	60.75	59.09	56.38	49.52
495	61.16	59.14	57.00	57.62	60.47	58.89	56.19	49.49
496	60.96	58.99	56.87	57.43	60.20	58.69	56.00	49.45
497	60.76	58.85	56.75	57.25	59.94	58.50	55.82	49.42
498	60.57	58.72	56.64	57.07	59.69	58.32	55.66	49.38
499	60.38	58.58	56.52	56.89	59.45	58.14	55.50	49.35
500	60.19	58.46	56.42	56.72	59.21	57.97	55.34	49.31
501	60.01	58.34	56.32	56.55	58.98	57.80	55.20	49.27
502	59.83	58.21	56.21	56.39	58.76	57.64	55.05	49.23
